46
38
36
14
97
60
6
48
57
65
63
66
42
54
67
73
22
3
91
1
89
59
76
62
74
90
79
56
5
2
55
8
83
58
51
75
41
70
12
27
85
17
33
80
28
82
21
10
24
64
95
30
44
19
96
69
53
84
45
20
35
25
68
9
77
92
72
100
87
31
23
13
50
4
11
47
16
98
99
61
88
43
86
32
15
93
78
18
81
52
49
71
26
29
37
7
94
40
34
39
0.0130618
0.0123268
0.0118672
0.0116521
0.0115601
0.011254
0.0112095
0.0111976
0.0111326
0.0111219
0.0110864
0.0110843
0.0110644
0.0110517
0.0110086
0.010974
0.0109557
0.0109009
0.0108977
0.0108728
0.0108464
0.0108012
0.0107985
0.010778
0.0107657
0.0106318
0.0106238
0.0105355
0.0104984
0.0104828
0.0104785
0.0103999
0.010377
0.0103653
0.0103196
0.0103146
0.0102816
0.0102793
0.0102769
0.0102686
0.0102457
0.010238
0.010233
0.0102244
0.0102096
0.0102065
0.0101808
0.0101753
0.0101406
0.0101009
0.0100893
0.00993077
0.00991119
0.00987005
0.00984429
0.00982256
0.00982062
0.00977284
0.00974882
0.00974782
0.00972651
0.00963726
0.00961399
0.00958099
0.00952999
0.00952694
0.00950524
0.00947542
0.00945569
0.00943566
0.00943554
0.00940246
0.00933137
0.0093228
0.00927
0.00924021
0.00920119
0.00915362
0.00914116
0.0091271
0.00907441
0.00905786
0.00905127
0.00903827
0.00901777
0.0089475
0.00892693
0.00890274
0.00885456
0.00881896
0.00874487
0.00871481
0.00870354
0.00870255
0.00866482
0.00847131
0.00845072
0.00834186
0.00832192
0.00816371
