46
38
36
14
97
60
6
48
57
65
63
66
42
54
67
73
22
91
3
1
89
59
76
74
62
90
79
56
5
2
55
8
83
58
75
51
41
70
27
12
33
85
17
80
82
28
10
21
24
95
64
30
44
19
96
69
53
84
20
45
35
25
68
9
77
92
72
100
87
31
23
13
50
4
11
47
16
98
99
61
88
43
86
32
15
93
78
18
81
52
49
71
29
26
37
7
94
40
34
39
0.0130651
0.0123234
0.0118628
0.0116484
0.0115471
0.0112503
0.011208
0.0112009
0.0111249
0.0111166
0.0110893
0.0110789
0.0110533
0.0110382
0.011018
0.0109762
0.0109547
0.0109205
0.0108843
0.010879
0.0108521
0.0107887
0.0107853
0.0107767
0.0107678
0.0106294
0.0106042
0.0105324
0.0105057
0.0105013
0.0104787
0.0104037
0.0103784
0.0103597
0.0103336
0.0103238
0.0102816
0.0102767
0.0102751
0.0102685
0.0102502
0.0102474
0.0102408
0.0102134
0.0102054
0.0101921
0.0101745
0.0101646
0.0101402
0.0100981
0.0100912
0.00992033
0.00991448
0.00986651
0.00984902
0.00983211
0.00981452
0.00977789
0.00975608
0.00974339
0.0097331
0.0096488
0.00961267
0.00958927
0.00954476
0.00953668
0.009508
0.00947927
0.00945147
0.00943123
0.00942671
0.00941365
0.00933707
0.00931687
0.00925684
0.00924395
0.00919991
0.00914548
0.00913855
0.00911955
0.00908148
0.00906124
0.00904723
0.00904075
0.00902345
0.00894417
0.00893058
0.00889061
0.00885806
0.00882035
0.00875166
0.00871357
0.00870197
0.00869976
0.00867377
0.00848119
0.00845112
0.00833873
0.00831942
0.00818174
