66
53
29
47
52
44
84
38
1
87
18
33
45
34
25
85
6
83
10
9
54
27
3
73
42
41
36
79
69
7
26
95
31
90
63
11
100
61
59
5
58
20
48
2
21
14
55
37
40
89
78
23
91
65
24
71
16
74
22
76
68
17
8
82
30
92
12
49
75
64
19
60
97
93
70
15
80
39
46
96
57
62
51
56
28
98
77
13
67
99
4
81
72
88
43
35
94
50
86
32
3.96863e+306
5.7798e+3N5
2.59305e+305
2.17859e+004
1.70039e+304
1.70039e+304
1.70039e+304
1.70039e+304
1.62998e+304
1.62998e+304
1.62998e+304
1.62998e+304
1.62998e+-04
1.62998e+3:4
1.62998e+304
1.62998e+304
1.62998e+004
1.62066e+304
1.62066e+304
1.62066e+304
1.62066e+304
1.62066e+304
1.62066e+304
1.62066e+304
1.62066e+304
1.62066e+304
1.62066e+304
1.55208e+:04
1.55024e+304
1.55024e+304
1.55024e+304
1.55024e+3N4
1.55024e+304
1.55024e+004
1.55024e+304
1.55024e+304
1.55024e+304
1.55024e+304
1.55024e+304
1.55024e+304
1.50143e+303
1.50143e+303
1.50143e+303
1.50143e+303
1.50143e+3
1.50143e+303
1.50143e+303
1.50143e+303
7.97314e+302
7.97314e+302
7.97314e+302
7.97314e+3N2
7.97314e+302
7.97314e+302
7.97314e+302
7.97314e+302
7.97314e+302
7.97314e+302
7.97314e+302
7.97314e+302
7.97314e+-02
7.97314e+`02
7.97314e+302
7.75549e+302
7.04115e+302
7.04115e+302
7.04115e+-02
7.04115e+302
7.04115e+302
7.04115e+302
7.04115e+302
7.04115e+302
7.04115e+302
7.04115e+-02
7.04115e+302
7.04115e+302
7.04115e+302
2.48715e+099
6.08085e+225
0.0132453
0.0129482
0.0126227
0.0125153
0.0121772
0.012113
0.0120158
0.0118158
0.0112342
0.011131
0.0108149
0.0106387
0.0103457
0.0101568
0.0100261
0.00999559
0.0093159
0.00922811
0.00916593
0.0086309
0.00642321
