13
17
3
99
10
38
54
48
89
14
26
79
30
57
8
1
90
59
53
42
92
85
98
6
74
43
67
5
65
45
56
12
95
91
77
58
71
37
46
51
52
78
69
60
83
93
41
80
19
33
44
55
70
23
11
2
62
20
4
87
47
24
75
9
29
27
63
100
7
28
81
84
96
86
61
50
82
66
76
36
16
35
25
31
73
15
22
72
40
39
68
64
18
34
88
94
32
21
97
49
1.85883e+306
1.82245e+306
8.61782e+305
1.09092e+304
8.81294e+303
7.2829e+303
6.8182e+303
6.64493e+303
6.63612e+303
6.62746e+303
6.15949e+303
6.15175e+303
5.90688e+303
5.85088e+303
5.76574e+303
5.64017e+303
5.638e+303
5.63063e+303
5.58939e+303
5.417e+303
5.40016e+303
5.38883e+303
5.35691e+303
5.3416e+303
5.33579e+303
5.27974e+303
5.27565e+303
5.23967e+303
5.22358e+303
5.19992e+303
5.18858e+303
5.16604e+303
5.14737e+303
5.14654e+303
5.14291e+303
5.13436e+303
5.13418e+323
5.12448e+3)
5.06615e+-0)
5.03653e+303
4.97114e+303
4.95532e+303
4.92852e+303
4.89039e+303
4.85798e+303
4.82587e+303
4.67375e+303
4.66848e+303
4.61085e+<03
4.59534e+003
4.54778e+303
4.50019e+303
4.44123e+303
4.39715e+3N
4.36429e+303
4.34497e+303
4.32356e+303
4.3207e+Þ03
4.30973e+303
4.30133e+303
4.21453e+303
4.21242e+303
4.17473e+303
4.15961e+303
4.15139e+303
4.14535e+303
4.13466e+303
4.11985e+303
4.06814e+303
4.06306e+303
4.00851e+303
3.9947e+303
3.94895e+Þ03
3.8753e+303
3.8432e+303
3.73667e+303
3.69274e+303
3.674e+303
3.66909e+303
3.66309e+303
3.59535e+303
3.58174e+30)
3.56843e+303
3.52893e+303
3.46335e+303
3.40642e+<03
3.22926e+303
3.20487e+303
3.19051e+303
3.1707e+303
2.89565e+003
2.79298e+303
2.24358e+303
2.22608e+303
2.11974e+303
1.91144e+303
1.59401e+003
1.44793e+003
1.29065e+303
9.54911e+302
