39
96
99
30
45
54
7
73
13
26
82
57
94
60
65
100
89
23
36
53
17
3
25
87
27
80
29
14
32
9
34
64
35
85
20
19
38
1
67
90
18
83
63
51
8
81
62
91
42
40
28
48
31
49
93
70
21
71
98
12
5
77
16
52
56
68
59
69
92
46
6
76
79
33
44
88
66
95
41
58
11
4
86
43
61
78
37
97
22
10
55
74
2
75
50
84
72
47
15
24
4.60071e+304
4.50111e+3N`
3.3814e+304
3.3814e+304
2.83343e+304
2.42132e+304
2.42132e+304
2.35409e+004
2.28417e+304
2.28417e+304
2.28417e+304
2.28417e+304
2.28417e+304
2.28417e+304
2.28417e+304
2.28417e+304
2.28417e+604
2.28417e+304
2.28363e+304
2.21694e+304
2.21694e+304
2.21694e+304
2.21694e+304
2.21694e+304
2.21694e+304
2.21694e+0×6
2.21694e+304
2.21694e+304
2.21694e+304
2.21694e+304
2.21694e+304
2.21694e+3í*
2.21694e+304
2.21694e+304
2.21694e+304
2.21694e+304
2.21694e+304
2.21694e+304
2.21694e+304
2.21694e+304
2.21694e+304
2.21694e+m04
6.83062e+302
6.72348e+302
6.72347e+302
6.72347e+3N‚
6.72347e+302
6.72347e+3N2
6.72347e+302
6.72347e+3N2
6.72347e+302
6.72347e+302
6.72347e+302
6.72347e+302
6.72347e+302
6.72347e+302
6.72347e+302
6.72347e+302
6.72347e+302
6.72347e+302
6.72347e+3Ä
6.72347e+302
6.72347e+602
6.72347e+302
6.72347e+302
6.51499e+265
5.8065e+225
0.0378476
0.0375571
0.0314977
0.0296536
0.0292547
0.0292317
0.02853
0.0279522
0.0271376
0.0216922
0.0206678
0.0206178
0.0198372
0.0197655
0.0196767
0.0194261
0.0192937
0.0192092
0.0191695
0.0190468
0.0121979
0.0116017
0.011505
0.0111526
0.011113
0.0109327
0.0109113
0.0104652
0.0103489
0.00998446
0.00992072
0.00923213
0.00700453
