23
33
36
5
46
73
97
38
6
14
75
59
60
62
48
8
66
91
84
95
42
30
55
51
1
58
11
88
27
20
13
79
65
2
63
74
4
43
41
19
76
67
64
17
15
12
21
82
92
57
16
3
98
85
29
39
50
56
93
90
10
54
9
22
35
49
70
37
24
32
18
40
45
68
61
25
44
89
69
99
26
100
87
94
72
28
53
34
81
80
86
71
7
78
52
47
83
77
31
96
1.60987e+308
4.86105e+307
1.54746e+306
1.4612e+306
1.44634e+306
1.43382e+306
1.43199e+206
1.42549e+3N6
1.41744e+306
1.41478e+306
1.38715e+306
1.38168e+306
1.36444e+3,
1.36272e+306
1.35805e+306
1.33944e+306
1.28573e+306
1.2843e+306
1.25348e+306
1.24026e+3N6
1.22605e+3V2
1.22433e+306
1.22143e+306
1.19485e+306
1.19014e+306
1.18963e+306
1.18924e+30,
1.17491e+306
1.17074e+306
1.16097e+%06
1.15967e+306
1.14951e+306
1.12006e+3×,
1.1063e+306
1.09508e+3:6
1.0712e+306
1.02955e+306
1.02926e+306
1.00622e+306
1.0015e+306
9.93986e+305
9.78212e+305
9.54766e+305
9.47411e+305
9.42213e+305
9.31028e+305
9.30367e+305
9.28913e+305
9.18569e+305
9.03271e+<05
8.99076e+005
8.82294e+305
8.80253e+305
8.78566e+305
8.74408e+305
8.70771e+305
8.66883e+ü05
8.64514e+305
8.56978e+3N5
8.50262e+305
8.49225e+305
8.47072e+305
8.4559e+305
8.41437e+305
8.35307e+305
8.32424e+305
8.25295e+305
8.24703e+305
8.23458e+<05
8.20682e+305
8.16873e+305
8.16777e+305
8.13173e+305
8.10142e+305
8.10071e+305
8.05365e+305
7.76097e+315
7.61824e+305
7.6037e+305
7.57385e+305
7.51545e+305
7.49281e+305
7.48131e+305
7.47104e+305
7.40128e+305
7.20903e+305
7.17569e+305
7.1483e+315
7.02594e+3+
7.00955e+305
6.45304e+3:5
5.98897e+305
5.88004e+305
5.7674e+305
5.43493e+305
4.05525e+305
3.50408e+305
2.58276e+005
1.34479e+ü05
-5.69655e+305
