15
74
62
38
46
67
63
48
14
97
8
44
91
56
27
73
65
55
54
6
57
60
76
42
1
3
22
58
23
84
51
59
83
4
19
86
28
88
12
10
85
21
20
64
53
96
35
66
89
13
69
100
9
41
11
50
24
5
68
90
31
70
82
2
75
43
98
61
33
71
29
17
30
45
81
80
95
37
92
34
77
18
72
25
47
99
87
16
26
7
78
40
52
94
49
93
39
79
32
36
5.01445e+306
4.8649e+306
1.01676e+306
1.00935e+<06
9.71927e+305
9.1038e+305
9.04128e+3N5
8.9705e+305
8.68555e+305
8.6247e+305
8.56484e+305
8.21752e+305
8.21175e+305
8.18017e+305
8.13757e+305
8.11055e+605
8.06808e+305
8.03927e+005
8.03498e+305
8.00902e+305
7.98492e+305
7.97894e+305
7.94963e+305
7.92188e+305
7.91559e+305
7.76131e+ü05
7.75957e+3o+
7.75609e+305
7.74501e+ü05
7.70998e+305
7.70226e+305
7.68265e+305
7.59059e+3N5
7.58331e+005
7.54989e+005
7.50715e+305
7.4231e+305
7.40735e+305
7.34307e+305
7.25978e+3l5
7.24894e+305
7.24674e+005
7.1267e+305
7.10305e+3g+
7.05038e+305
7.02609e+<05
7.00929e+-05
6.95909e+305
6.91229e+305
6.90081e+305
6.89175e+305
6.86998e+305
6.86663e+305
6.81342e+305
6.76615e+305
6.74669e+305
6.68031e+305
6.6754e+305
6.67171e+305
6.65811e+305
6.63765e+005
6.53977e+305
6.51953e+305
6.51223e+305
6.48022e+305
6.43046e+305
6.42835e+<05
6.40841e+305
6.37739e+305
6.34542e+305
6.31059e+305
6.24639e+305
6.20629e+305
6.19305e+305
6.13511e+305
6.13285e+305
6.1226e+305
6.01572e+305
5.93854e+305
5.93556e+305
5.93026e+305
5.91725e+305
5.85478e+305
5.66567e+305
5.60463e+3:5
5.54844e+305
5.47698e+305
5.47136e+305
5.26137e+305
5.24519e+305
5.12952e+305
5.07488e+305
5.06461e+305
5.04587e+305
4.96783e+305
4.87855e+305
4.66568e+305
4.18072e+305
2.73909e+304
-8.63311e+3f­
