27
56
44
58
4
79
83
90
46
66
77
14
91
54
97
96
36
92
78
31
67
68
72
1
89
3
32
59
16
65
70
47
61
12
51
48
88
80
29
9
10
39
75
62
49
15
20
26
42
53
22
87
13
76
24
23
74
43
95
71
64
19
8
33
45
60
81
100
25
37
69
50
52
7
18
5
2
21
82
40
63
99
41
85
93
38
84
98
73
57
11
35
94
17
6
55
86
34
30
28
1.30743e+308
5.57729e+307
2.93141e+3e-
2.13605e+307
1.74261e+307
1.72733e+3U9
1.68611e+307
1.61639e+307
1.42446e+307
1.34715e+307
1.22186e+307
8.23324e+306
8.14749e+306
7.95183e+306
7.78298e+306
7.68321e+306
7.23269e+306
7.11584e+306
7.06392e+3¹,
6.74094e+306
6.72023e+306
6.71358e+306
6.71202e+306
6.45005e+306
6.42928e+306
6.1445e+306
6.09064e+006
6.01709e+3N6
5.9502e+306
5.92923e+306
5.90787e+306
5.90027e+306
5.80085e+306
5.75903e+306
5.7255e+306
5.65122e+306
5.56098e+006
5.41175e+3¹,
5.21345e+306
5.17675e+306
5.17083e+306
4.91069e+306
4.87875e+306
4.78128e+3×,
4.75447e+306
4.73753e+3ol
4.65781e+306
4.61688e+306
4.59984e+306
4.52235e+306
4.50061e+306
4.45648e+306
4.44652e+306
4.43508e+306
4.26119e+006
4.22475e+306
4.1926e+306
4.16096e+306
4.16092e+306
4.12781e+306
4.01039e+306
3.82889e+306
3.82819e+306
3.39318e+306
3.09563e+306
3.07469e+306
2.97953e+306
2.95951e+306
2.79167e+306
2.71228e+306
2.63863e+306
2.58231e+306
2.55054e+306
2.24445e+306
2.20047e+306
2.17765e+306
2.15947e+006
2.15079e+306
2.02119e+006
1.9291e+306
1.92034e+306
1.87304e+3Nb
1.7018e+3N6
1.49519e+306
1.44043e+?06
1.26036e+306
9.79413e+305
9.49954e+305
8.94687e+305
8.02082e+305
5.65486e+305
5.19875e+005
4.19302e+<+
2.42841e+305
5.69746e+304
4.51994e+304
2.39485e+303
2.28346e+287
1.63251e+28#
-1.39333e+306
