8
25
65
54
57
78
18
56
99
39
32
43
27
45
47
11
79
93
97
46
7
73
49
98
42
14
52
59
74
61
9
77
26
1
6
37
15
19
33
82
71
95
72
85
24
96
3
86
81
5
2
60
64
70
28
55
16
63
40
53
50
23
76
38
87
90
66
75
34
100
83
48
36
58
44
17
51
92
22
88
68
80
21
84
30
94
89
13
62
10
4
29
20
12
41
35
67
69
91
31
2.66036e+307
7.58903e+306
6.15608e+306
6.08976e+306
6.08491e+306
5.99721e+306
5.89906e+306
5.85343e+306
5.84946e+306
5.70492e+306
5.69823e+306
5.69359e+306
5.6026e+?06
4.98642e+306
4.96632e+306
4.95688e+306
4.94303e+306
4.87984e+306
4.85437e+306
4.83393e+306
4.81398e+306
4.81148e+306
4.81132e+306
4.80591e+006
4.75983e+306
4.7218e+306
4.72079e+306
4.71865e+3N6
4.69389e+3V®
4.64141e+?06
4.57232e+30,
3.75358e+306
3.67791e+306
3.60052e+306
3.59835e+606
3.59607e+306
3.59304e+306
3.5914e+306
3.46873e+306
2.65763e+3¹,
2.41925e+306
2.41593e+306
2.41439e+3l6
2.39393e+306
2.39334e+306
2.37569e+306
2.37281e+306
2.32023e+<06
2.31922e+%06
2.29543e+306
2.23785e+306
2.18304e+306
1.74777e+306
1.71138e+3o,
1.55235e+306
1.45624e+306
1.44783e+306
1.4199e+306
1.41327e+306
1.37803e+306
1.34245e+306
1.33685e+306
1.32088e+306
1.32045e+306
1.31616e+006
1.27143e+306
1.2648e+3Ê,
1.26402e+306
1.235e+306
1.22162e+306
1.21786e+306
1.19433e+306
1.18127e+306
1.15928e+306
1.1398e+306
1.07835e+306
1.06263e+306
9.88952e+305
9.73984e+305
9.68807e+305
8.69054e+3×k
7.25202e+305
2.59423e+305
1.79096e+305
1.60975e+305
1.5726e+305
9.63657e+3*
9.36372e+:04
8.05035e+304
7.67164e+304
8.60554e+303
2.79038e+303
2.32718e+303
1.42777e+303
2.27052e+302
1.93443e+302
4.49486e+201
-9.86499e+304
-3.19231e+<o,
-5.14183e+306
