20
29
66
84
89
82
52
91
14
33
9
12
95
69
38
55
17
30
16
1
8
60
36
90
99
88
81
87
92
22
45
18
24
32
61
10
53
97
44
40
79
54
23
48
6
93
74
63
98
83
47
78
5
85
77
50
72
7
68
70
51
39
3
56
28
43
58
42
25
2
4
96
21
49
37
67
35
19
26
86
75
80
64
65
15
31
27
34
13
71
41
100
46
62
76
94
73
11
59
57
1.33056e+318
5.81032e+307
3.16543e+307
2.21353e+307
2.12769e+307
2.10712e+307
1.861e+3!-
1.62554e+307
1.57712e+307
1.51814e+307
1.48638e+307
1.46185e+307
1.46163e+307
1.42497e+307
1.41094e+307
1.34465e+307
1.34364e+307
1.32278e+307
1.30435e+307
1.25927e+307
1.24587e+307
1.24519e+<07
1.21666e+307
1.19754e+307
1.19241e+307
1.17515e+307
1.16742e+3:7
1.15803e+307
1.13855e+307
1.12767e+30-
1.11888e+307
1.09405e+<07
1.08646e+30-
1.0747e+307
1.07455e+3N7
1.04826e+307
1.04093e+307
1.03948e+307
1.02986e+<07
1.01692e+307
9.84276e+306
9.67527e+306
9.59994e+306
9.56621e+306
9.56525e+3N6
9.39341e+306
9.28058e+3N6
9.20234e+306
9.13339e+306
9.13248e+306
9.0523e+306
8.78004e+006
8.7156e+306
8.69844e+306
8.31895e+006
8.07275e+306
8.06485e+306
7.98145e+306
7.97097e+306
7.87663e+306
7.80089e+%06
7.77969e+306
7.68061e+306
7.66399e+3:6
7.55834e+306
7.53686e+306
7.51906e+306
7.49619e+306
7.45382e+306
7.344e+306
7.27781e+306
7.22154e+306
7.20747e+306
7.11848e+306
6.65614e+306
6.32119e+306
5.55773e+306
5.00701e+306
4.99264e+306
4.93395e+306
4.66637e+306
4.44839e+3Ü
4.24329e+306
3.78548e+306
3.54338e+3:6
3.53557e+006
3.21128e+306
3.15755e+306
2.71928e+306
2.69949e+006
1.39415e+306
9.37475e+305
6.91967e+3×+
6.05759e+305
4.70787e+305
4.14124e+305
3.75117e+305
3.4866e+268
-4.2003e+306
-5.53009e+306
