46
88
84
86
33
63
68
3
82
24
85
10
62
70
93
16
2
31
51
29
72
95
99
91
83
80
97
42
94
19
61
14
56
69
75
55
12
34
4
77
15
90
7
50
30
17
89
38
28
8
43
49
21
44
66
81
22
35
71
40
23
11
37
13
9
60
25
58
26
41
20
100
48
53
87
5
78
96
36
18
92
64
76
67
59
39
74
54
79
52
57
45
98
6
47
27
65
32
73
1
1.30568e+308
1.22032e+3Nl
1.69554e+307
7.3124e+<06
6.59174e+306
5.28762e+306
4.81067e+306
4.61777e+306
4.57122e+306
4.14463e+306
4.11166e+306
3.71026e+306
3.50172e+306
3.45331e+306
3.41286e+306
3.09903e+306
3.09704e+3N6
3.09037e+306
3.02901e+306
3.02799e+306
3.00081e+306
2.92971e+306
2.87363e+-06
2.60492e+306
2.54477e+306
2.33565e+306
2.28569e+306
2.25748e+306
2.2253e+306
2.09976e+306
2.08746e+30,
2.0696e+306
1.92167e+306
1.91618e+306
1.85203e+306
1.85023e+306
1.84137e+306
1.71155e+-06
1.58871e+306
1.56398e+306
1.54081e+306
1.50266e+306
1.42802e+306
1.36503e+306
1.30637e+306
1.29115e+306
1.24999e+306
1.23424e+306
1.23002e+306
1.18346e+306
1.16889e+306
1.03969e+306
1.03645e+306
9.68016e+305
9.15604e+305
8.8124e+3×+
8.66498e+305
8.55087e+305
8.20526e+305
7.9146e+305
7.31622e+305
7.28352e+305
7.02781e+305
6.69067e+305
6.57083e+305
6.07133e+305
3.38878e+005
3.23666e+305
2.66786e+305
2.334e+305
2.10693e+305
1.79143e+305
1.35425e+305
1.28792e+3Na
6.07346e+304
1.7891e+304
1.25675e+303
-2.56826e+303
-3.07328e+304
-3.13652e+304
-3.55038e+304
-5.36316e+3N4
-9.08038e+004
-2.89776e+305
-3.6058e+305
-3.99401e+305
-5.29489e+305
-6.3859e+305
-6.40775e+305
-6.88614e+305
-6.92659e+305
-7.58538e+305
-9.82482e+305
-9.86705e+005
-1.04117e+306
-1.13603e+306
-1.16219e+306
-1.21931e+3×,
-1.49657e+306
-1.85504e+306
