60
24
70
78
1
5
97
88
15
91
34
36
59
100
76
82
55
8
33
43
98
26
72
58
7
3
64
27
79
45
47
40
41
56
13
11
75
89
63
2
38
35
83
62
21
48
9
22
50
66
69
77
17
20
44
52
37
42
32
86
12
80
96
73
25
81
95
87
67
92
90
16
28
14
85
54
53
68
31
49
6
57
65
99
30
18
29
84
93
10
94
19
4
61
51
39
46
74
23
71
4.40434e+307
4.13244e+207
3.84263e+307
4.88211e+306
2.77992e+305
2.72131e+305
2.5019e+3NI
2.37261e+305
2.30939e+305
2.29673e+305
2.29673e+305
2.29631e+305
2.29589e+`05
2.29538e+3×+
2.29517e+305
2.28911e+305
2.28872e+305
2.2885e+3N5
2.28848e+3N5
2.08502e+305
2.07778e+305
2.07172e+305
2.07059e+305
2.06545e+3W+
2.06535e+305
2.06432e+305
2.06432e+305
2.06432e+315
2.06432e+3N5
2.06432e+305
2.05826e+305
2.05826e+305
2.05826e+305
2.05826e+005
1.8341e+305
1.25329e+305
5.53993e+304
4.74819e+304
3.27985e+304
2.7904e+304
2.49782e+Ó04
2.44314e+304
2.44314e+`04
2.441e+304
2.4368e+m04
2.38267e+3N4
2.37123e+304
2.37015e+304
2.31354e+304
2.31076e+304
2.30906e+304
2.30852e+3N4
2.30851e+004
2.30681e+304
2.30435e+304
2.30434e+3N4
2.30434e+304
2.30434e+304
2.30219e+304
2.30219e+304
2.30219e+004
2.30219e+304
2.24216e+304
2.24163e+304
2.24163e+-04
2.24163e+304
2.24163e+304
2.10069e+3o*
1.04539e+304
4.17246e+-0)
2.25878e+303
2.01573e+303
2.01507e+303
2.01498e+303
1.95169e+303
1.95169e+303
1.95169e+303
1.38799e+303
1.34615e+303
1.27445e+3L_
1.27445e+303
1.27338e+303
1.08271e+303
7.19077e+002
6.74267e+302
6.68909e+302
6.27077e+302
6.24399e+302
6.08218e+302
6.05539e+302
6.05539e+302
6.05539e+302
2.82982e+300
2.80759e+300
1.57412e+300
3.42046e+289
8.88636e+266
6.77155e+245
2.68196e+264
0.00468132
