50
56
83
88
12
28
75
42
30
15
71
78
63
54
59
77
36
1
14
46
69
79
73
72
22
21
96
95
31
91
58
85
16
18
9
38
87
64
17
13
43
76
27
23
80
74
33
37
55
93
11
49
90
25
51
99
19
70
67
92
3
45
29
20
94
66
34
24
52
47
35
32
7
53
68
57
2
89
39
81
61
97
98
48
8
6
44
65
60
100
86
41
26
10
40
62
84
4
82
5
1.24839e+0×l
1.03669e+308
5.33132e+307
4.86442e+307
2.3345e+307
1.84055e+307
1.79399e+<07
1.00893e+307
1.00541e+307
8.35159e+306
7.0471e+306
6.6922e+306
6.58774e+306
6.26915e+306
5.52121e+306
5.49991e+306
4.88232e+3N6
4.74918e+306
4.60237e+316
4.37028e+306
4.25903e+306
4.17711e+306
4.17558e+006
4.14854e+306
4.11363e+316
4.00782e+306
3.96842e+306
3.8936e+306
3.70204e+306
3.69749e+306
3.69663e+306
3.66366e+306
3.63564e+006
3.57695e+306
3.54993e+306
3.51496e+306
3.46983e+306
3.4014e+306
3.348e+306
3.23255e+306
3.21514e+306
3.19394e+306
3.19338e+306
3.19064e+306
3.17431e+306
3.11675e+306
3.05579e+306
2.9702e+306
2.94706e+Œ06
2.93326e+306
2.89989e+306
2.78702e+306
2.71122e+306
2.61517e+306
2.4568e+306
2.419e+306
2.37709e+306
2.2031e+-06
2.17789e+306
2.07732e+Œ06
2.04627e+306
2.04056e+306
2.01945e+306
1.90903e+306
1.90031e+306
1.76731e+306
1.71589e+-06
1.68124e+306
1.6748e+0N6
1.65369e+306
1.63574e+306
1.60742e+306
1.58274e+306
1.3608e+306
1.35582e+306
1.24936e+306
1.24928e+306
1.21356e+306
1.12796e+306
1.1031e+306
1.0277e+3F6
9.81055e+305
9.07035e+305
9.05445e+-05
8.39564e+305
7.61584e+305
7.07868e+305
6.76605e+305
5.40084e+305
3.24736e+305
2.27039e+305
1.49858e+305
7.50534e+304
7.1119e+304
7.93718e+303
6.98126e+303
2.37967e+229
-1.39623e+304
-1.67072e+306
-2.01464e+307
