16
66
83
1
2
74
91
27
73
56
3
90
47
17
82
89
20
5
64
41
57
4
69
54
58
9
93
84
53
77
96
65
85
51
10
11
75
97
44
8
86
15
87
30
32
31
13
68
35
33
62
67
98
81
7
94
24
71
34
37
52
12
99
18
70
88
49
63
39
78
40
59
46
21
28
92
43
50
25
38
36
79
29
19
45
48
22
76
72
14
80
60
23
61
100
55
95
42
6
26
9.01467e+307
7.32308e+307
5.60875e+0n7
4.20253e+307
4.03424e+307
3.58028e+307
2.40528e+007
2.38797e+307
2.28992e+307
1.5416e+307
1.51697e+307
1.34344e+307
1.31242e+307
1.30924e+307
1.29598e+307
1.28644e+307
1.28446e+307
1.26614e+307
1.26596e+307
1.25532e+317
1.2537e+N07
1.24639e+-07
1.24329e+307
1.22012e+30-
1.21389e+307
1.19438e+3N7
1.18122e+307
1.17638e+307
1.16721e+307
1.15718e+307
1.11914e+307
1.09844e+007
1.07765e+307
1.06802e+307
1.06498e+007
1.03648e+307
1.02086e+307
9.95609e+306
9.88297e+306
9.51609e+306
9.47809e+306
9.46829e+306
9.18505e+306
9.14623e+306
8.92808e+306
8.74471e+306
8.73563e+306
8.55847e+306
8.48442e+306
8.16882e+306
8.09287e+306
7.92554e+306
7.82111e+306
7.80975e+306
7.47058e+Œ06
7.36816e+3N6
7.29082e+3l”
7.22876e+306
7.13532e+306
7.07553e+306
6.84684e+306
6.76964e+30,
6.71286e+306
6.7033e+306
6.60557e+306
6.52952e+306
6.49724e+306
6.02136e+306
5.96939e+306
5.79854e+306
5.52178e+306
5.38442e+306
5.36943e+306
5.29655e+306
4.87177e+306
4.7521e+306
4.61479e+306
3.912e+306
3.73787e+306
3.3819e+306
3.33594e+306
2.57019e+306
2.25667e+306
2.22204e+306
2.17837e+306
2.0897e+306
1.70816e+306
1.56703e+Œ06
1.46517e+306
1.46361e+306
1.26436e+006
1.09337e+306
8.86588e+3W+
4.77001e+605
4.33687e+305
3.63949e+305
1.15357e+305
-5.54887e+305
-3.45552e+3;6
-5.26366e+307
