88
45
23
92
26
42
22
79
77
34
14
100
91
54
80
28
17
1
31
85
57
66
59
24
41
74
51
5
82
89
19
12
44
67
96
10
30
95
52
78
43
94
97
81
18
75
32
65
69
35
99
47
68
48
38
16
72
71
56
46
9
7
15
87
4
63
58
76
2
61
27
39
29
98
49
25
70
73
13
21
33
62
36
50
64
8
83
55
11
90
6
20
53
40
86
93
84
37
3
60
3.73776e+307
2.48396e+307
1.75566e+3N7
1.63978e+307
1.31185e+307
1.13452e+307
6.5975e+306
6.59295e+306
5.70938e+306
5.34585e+306
5.21816e+306
5.1446e+306
5.06961e+306
4.89557e+306
4.88596e+306
4.76375e+006
4.68283e+306
4.61729e+306
4.4696e+306
4.45796e+306
4.44963e+3¹,
4.44293e+306
4.40958e+306
4.34902e+306
4.25639e+306
4.24306e+306
4.20291e+306
4.03873e+306
4.00539e+306
3.92449e+306
3.89005e+306
3.82003e+306
3.6886e+306
3.66099e+306
3.63097e+-06
3.56228e+306
3.46556e+306
3.37706e+3·,
3.32911e+306
3.28204e+306
3.23729e+3×,
3.23495e+306
3.2119e+306
3.12967e+306
3.11814e+306
3.07793e+006
2.97946e+306
2.96963e+3N6
2.93418e+3o,
2.87714e+306
2.84081e+306
2.79913e+306
2.79433e+306
2.77532e+306
2.77109e+006
2.61158e+306
2.60984e+306
2.59747e+306
2.55834e+306
2.54788e+006
2.30005e+306
2.22579e+306
2.15633e+306
2.13033e+306
2.06369e+306
2.03027e+3·,
2.02141e+306
1.98504e+006
1.90864e+306
1.87534e+306
1.78853e+306
1.73454e+306
1.66425e+306
1.6168e+306
1.46507e+306
1.28534e+306
1.12678e+306
7.517e+305
7.20358e+305
7.02844e+305
5.96159e+305
5.78103e+305
5.5745e+305
5.30793e+305
2.99345e+305
2.95125e+305
2.54829e+305
2.42596e+305
1.28973e+305
1.25993e+305
1.25993e+305
8.40262e+313
2.03992e+2--
0.0131033
-3.02504e+304
-1.31504e+306
-1.78483e+306
-2.71151e+306
-2.9535e+306
-2.06498e+307
