44
43
69
1
77
42
92
90
25
34
45
47
100
60
31
88
39
91
73
93
41
83
35
84
62
7
38
5
14
75
78
72
32
94
16
86
19
13
95
67
74
68
71
22
97
96
66
8
99
64
36
50
2
18
82
56
55
24
48
53
21
12
3
80
63
17
30
33
85
28
70
37
98
65
23
58
57
51
20
52
27
4
81
79
29
59
9
49
15
54
61
76
6
87
11
26
10
89
40
46
4.48654e+307
3.79592e+306
2.66005e+306
1.38356e+306
9.10592e+305
4.79917e+305
4.70253e+305
4.18002e+305
4.14595e+305
3.35743e+305
2.50834e+305
2.41368e+305
2.40749e+305
2.35185e+305
2.27221e+305
2.14202e+305
2.10227e+305
2.06681e+305
2.04988e+305
2.00946e+605
1.97868e+305
1.96867e+305
1.86916e+305
1.84111e+-05
1.77995e+305
1.69889e+305
1.69529e+005
1.40934e+305
8.07602e+304
8.06808e+304
7.0121e+304
6.67988e+304
6.67936e+304
5.92445e+304
5.50791e+004
5.45947e+304
5.43974e+304
5.43498e+304
5.36124e+304
5.18377e+304
5.16197e+304
5.11214e+304
4.51548e+304
4.4339e+304
4.22164e+304
4.10341e+304
4.09913e+304
4.08399e+304
3.90861e+304
3.86147e+304
3.85656e+304
3.79198e+304
3.78704e+304
3.54832e+304
3.43834e+304
3.12826e+304
2.76587e+004
2.71612e+304
2.71585e+304
2.56049e+304
2.43942e+304
2.38937e+004
2.38936e+3l4
2.37667e+Ó04
1.99871e+304
1.45065e+304
1.38756e+304
1.38144e+304
1.38084e+304
1.36814e+304
1.31811e+304
1.31811e+304
1.31794e+304
1.31383e+304
1.19564e+304
1.32172e+303
1.10906e+303
8.94128e+302
6.94546e+302
6.27299e+302
1.21555e+301
1.74059e+20/
5.47031e+295
3.28064e+293
3.28064e+29=
3.28064e+293
3.28064e+293
3.27986e+293
4.2469e+289
2.22447e+205
7.86206e+284
5.51252e+266
5.42681e+26q
3.87354e+26q
1.65779e+Þ2
3.81906e+227
-8.45787e+295
-3.30919e+303
-1.46149e+305
-2.08675e+305
