57
18
6
39
71
8
41
97
23
86
60
22
19
56
9
38
80
96
3
100
20
65
35
98
32
64
14
59
85
61
94
13
46
62
27
88
29
17
40
25
91
90
84
2
87
99
54
68
63
50
42
12
5
1
34
93
48
15
74
89
53
16
7
24
10
78
52
31
77
47
83
4
69
75
26
33
45
66
28
81
73
51
49
76
95
79
21
82
70
11
58
44
36
55
43
67
30
72
92
37
6.05182e+307
5.23459e+307
3.59224e+307
3.30844e+307
3.03571e+307
2.24146e+307
2.15363e+307
1.64533e+307
1.22728e+307
1.0555e+307
8.3676e+306
8.064e+?06
7.37408e+3F6
6.94691e+006
6.79448e+306
6.52443e+306
6.4592e+306
6.43883e+306
6.26579e+306
5.98319e+306
5.94107e+3V°
5.82856e+306
5.80224e+306
5.46059e+306
5.44111e+306
5.42924e+306
5.39944e+306
5.33112e+306
5.30748e+306
5.10577e+306
5.10389e+306
5.05873e+306
5.04628e+306
5.03462e+306
4.87512e+306
4.86305e+316
4.72888e+306
4.50651e+306
4.34008e+306
4.22487e+306
4.09966e+306
4.06191e+006
3.90761e+306
3.85468e+306
3.82694e+306
3.76009e+306
3.69792e+306
3.6765e+306
3.57793e+306
3.40788e+306
3.35208e+306
2.97185e+306
2.96214e+3N6
2.94842e+306
2.86426e+306
2.82413e+306
2.71867e+306
2.67373e+306
2.49174e+306
2.47866e+006
2.33924e+306
2.29956e+306
2.29515e+306
2.08933e+316
2.03037e+3N6
2.01002e+306
1.93544e+306
1.89109e+306
1.864e+306
1.78995e+306
1.74106e+306
1.42347e+3N6
1.18273e+306
1.12864e+306
1.04353e+306
9.25552e+305
8.85772e+305
6.18579e+305
1.38459e+305
1.24598e+305
6.4751e+304
3.10883e+304
1.82901e+304
7.09819e+303
6.42514e+303
4.97897e+303
5.70901e+301
1.3415e+301
3.22633e+297
1.31735e+269
0
-9.10729e+703
-1.15302e+304
-2.07657e+304
-4.7238e+304
-6.93093e+304
-7.47509e+304
-8.06235e+m04
-8.47578e+304
-2.04339e+3N7
