89
82
52
48
99
58
10
6
19
76
46
40
53
49
18
62
67
29
73
42
24
71
14
27
57
68
70
85
66
13
12
5
7
51
32
20
23
41
63
87
25
3
94
8
59
78
9
88
47
36
79
22
54
98
34
35
21
61
80
93
97
30
86
28
33
15
11
43
38
37
72
1
75
74
45
90
16
84
91
65
100
39
96
77
64
31
50
4
69
83
2
17
26
56
81
95
92
44
55
60
1.36509e+w08
7.18838e+307
5.36105e+307
5.06258e+307
3.62289e+3×-
3.60879e+307
3.40949e+3N7
3.18011e+307
2.94913e+307
2.85597e+307
2.77231e+307
2.63318e+307
2.57821e+307
2.48172e+307
2.14604e+307
1.79229e+307
1.76843e+307
1.65002e+307
1.56943e+307
1.49121e+307
1.31888e+A07
1.21555e+307
1.16587e+307
1.15918e+a07
1.06596e+307
1.06177e+307
8.98402e+306
8.79442e+30,
8.36207e+306
7.93912e+3·,
7.90453e+306
7.78042e+306
7.24428e+306
7.17093e+306
7.02914e+306
6.77827e+306
6.56518e+306
6.19538e+306
6.00421e+3l6
5.52655e+3o,
5.50259e+306
5.09025e+306
5.00842e+3N6
4.92081e+3¹,
4.86018e+3o,
4.83526e+3V2
4.82418e+3N6
4.4926e+306
4.433e+306
4.21058e+306
4.15164e+306
4.05422e+306
3.86909e+3l6
3.66753e+306
3.1999e+306
3.11242e+0×,
3.08741e+306
2.88684e+306
2.50283e+306
2.46021e+306
2.43194e+306
2.35021e+306
2.28363e+306
2.24903e+306
1.98791e+306
1.88622e+306
1.80596e+306
1.80105e+306
1.73761e+306
1.69632e+306
1.5868e+306
1.5054e+306
1.50199e+306
1.46113e+306
1.31947e+306
1.28965e+306
1.28768e+306
9.12908e+305
8.84749e+305
7.12843e+305
6.88978e+3l5
6.50537e+3V5
6.43635e+305
5.62751e+305
5.30098e+305
5.05278e+305
4.42437e+305
4.29053e+005
3.82619e+305
3.72503e+305
3.56635e+305
3.30355e+305
2.84782e+305
2.71178e+3N5
2.54968e+305
2.23798e+305
2.1597e+305
3.71024e+304
8.15265e+287
-1.68795e+3:6
