78
92
35
66
53
68
43
48
61
25
98
95
56
97
83
60
74
3
99
84
75
87
81
17
69
11
10
6
91
46
19
96
44
100
16
93
40
36
70
31
90
32
42
73
21
30
50
8
2
55
67
89
72
57
45
85
29
7
52
94
51
82
38
41
33
39
14
88
62
64
63
47
49
15
5
58
4
80
34
79
1
71
24
13
9
54
12
86
18
76
27
23
20
28
77
65
59
26
37
22
1.47772e+308
3.84109e+307
3.57023e+307
3.01164e+307
2.97304e+307
2.91194e+307
2.6997e+307
2.44353e+307
2.42812e+307
1.94485e+307
1.48277e+307
1.33123e+307
1.29717e+307
1.18764e+307
1.16382e+307
1.1393e+307
1.01032e+307
9.79265e+306
9.7461e+306
9.41038e+306
9.23514e+016
8.67942e+3Nb
8.62777e+306
8.38769e+316
8.01457e+306
7.98669e+306
7.89664e+306
7.4996e+306
7.45118e+306
7.41048e+306
7.37514e+306
7.18697e+306
6.87354e+006
6.73084e+306
6.73071e+306
6.43047e+Œ06
5.71267e+306
5.7027e+306
5.65996e+306
5.59675e+3N6
5.47985e+306
5.45706e+306
5.41825e+306
5.37584e+0Nb
5.28603e+306
5.28092e+006
5.18528e+306
5.11242e+306
5.09597e+306
5.07118e+306
4.39689e+306
4.02517e+306
3.89984e+306
3.84194e+306
3.72387e+006
3.68968e+3,
3.61097e+306
3.57414e+-06
3.31822e+306
3.12549e+306
3.04589e+?06
2.97153e+306
2.93162e+306
2.88868e+306
2.85003e+36
2.80136e+306
2.60093e+006
2.42271e+3N6
2.20612e+<06
2.1017e+306
1.92498e+306
1.80114e+306
1.41567e+<06
9.8682e+305
8.50765e+305
8.37981e+ü05
7.61312e+305
5.94102e+305
5.93709e+305
5.30385e+305
5.14345e+305
3.87083e+305
2.90441e+305
2.8769e+305
2.5434e+3+
2.21187e+005
1.96708e+305
3.97552e+304
-0.000865004
-7.34283e+304
-1.55501e+3N5
-1.6893e+305
-1.78742e+005
-2.40819e+305
-2.52504e+305
-1.41983e+306
-2.77467e+306
-2.86631e+306
-3.77143e+`06
-8.69411e+306
