59
98
62
95
45
5
94
99
28
42
85
92
38
80
30
57
26
89
77
91
15
17
11
82
13
69
96
14
64
78
1
9
35
58
50
52
83
53
70
4
20
93
68
12
31
8
37
16
29
90
49
32
23
40
33
48
51
75
56
34
47
84
22
21
36
44
76
43
60
54
100
10
88
2
41
74
87
72
46
24
71
63
61
25
79
81
27
73
39
18
6
97
66
3
86
7
19
67
55
65
7.47299e+307
6.35055e+307
3.965e+307
3.62205e+307
3.24207e+3×-
3.16365e+307
3.05346e+307
2.56599e+307
2.30602e+307
1.87027e+307
1.32363e+307
1.24964e+307
1.13847e+307
9.23151e+306
7.8363e+006
7.83266e+3¹,
7.7247e+306
7.63493e+?06
7.18811e+306
6.65497e+306
6.57455e+306
6.37677e+306
6.20958e+306
5.95896e+306
5.86925e+<06
5.83904e+306
5.67251e+306
5.56257e+306
5.36139e+306
5.24616e+306
5.0691e+3N^
4.95933e+306
4.89297e+306
4.74615e+306
4.71707e+306
4.40919e+306
4.11165e+306
3.96699e+306
3.89873e+306
3.80867e+306
3.73198e+<06
3.2906e+306
3.18938e+306
3.13876e+306
2.76864e+306
2.73432e+306
2.4969e+306
2.43194e+006
2.38604e+306
2.26709e+306
1.93347e+306
1.90603e+306
1.81981e+30,
1.77134e+306
1.51913e+3¹,
1.46351e+306
1.39518e+306
1.30938e+306
1.2628e+006
1.22511e+306
1.16487e+306
1.11029e+306
1.07676e+306
9.81856e+305
9.56345e+305
9.22809e+305
9.12698e+305
6.48845e+3o+
6.36399e+305
6.2798e+ü05
6.0826e+305
5.89166e+305
5.43099e+305
5.37887e+305
5.14914e+3N5
5.12472e+3N+
4.29974e+305
3.68608e+305
3.64254e+3×+
3.57133e+305
3.507e+305
3.46715e+305
3.45694e+305
3.09041e+305
2.95557e+315
2.86489e+3l5
2.44663e+305
1.07916e+305
1.06761e+3o+
9.53404e+30*
8.60232e+304
8.44995e+304
8.4129e+304
5.292e+304
3.66532e+304
2.23083e+152
-1.51963e+305
-6.09257e+3,
-6.13121e+606
-6.35397e+3N7
