33
90
30
66
81
100
21
38
87
84
55
88
86
68
94
2
58
85
5
53
62
56
16
1
6
76
18
14
60
24
50
70
28
20
36
15
27
29
9
42
44
22
91
26
40
95
77
7
80
4
65
8
59
47
45
63
99
54
34
32
3
92
52
61
37
89
71
78
49
10
46
82
98
64
69
31
51
43
67
23
41
75
39
83
12
13
73
57
17
48
79
35
74
96
93
97
11
72
19
25
8.46965e+307
7.03565e+307
6.60105e+307
5.41479e+307
3.27579e+307
3.07639e+307
2.55811e+307
1.95573e+307
9.67371e+306
8.24991e+306
8.10482e+306
7.3498e+306
6.91977e+306
5.69507e+306
4.87454e+306
4.08645e+306
3.9961e+306
3.72841e+306
3.66422e+306
3.46622e+306
3.33303e+3:6
3.26528e+306
3.17966e+306
3.16427e+306
3.13305e+3Nb
3.10453e+306
3.05579e+306
2.99698e+3lŽ
2.95217e+306
2.90619e+306
2.87218e+306
2.81716e+306
2.77718e+306
2.77378e+?06
2.37771e+306
2.27727e+306
2.24603e+3l6
2.2374e+306
2.19239e+006
2.18691e+3,
2.13981e+306
2.05351e+306
2.02795e+306
2.01514e+306
2.00301e+306
2.00222e+306
1.96154e+?06
1.95992e+306
1.90132e+306
1.27512e+306
1.1951e+306
1.19044e+306
1.17862e+306
1.10431e+306
1.09858e+38 
1.03699e+306
1.00982e+306
9.83948e+305
9.73067e+305
9.01149e+305
8.6937e+305
8.67016e+-05
8.5616e+305
8.54493e+305
8.52336e+305
8.41621e+3N5
8.41364e+6×+
7.46379e+305
6.67183e+305
5.81779e+005
4.51211e+305
4.10101e+305
3.51336e+005
3.47982e+305
3.21719e+üV5
3.21664e+305
3.20374e+305
2.34892e+305
1.20882e+305
1.16465e+ü05
3.74625e+304
2.81719e+304
2.78005e+304
2.04576e+304
1.20812e+304
1.13707e+3N4
9.87495e+303
5.18606e+303
2.06962e+303
1.34145e+303
1.20238e+303
9.72078e+302
3.64513e+3×®
1.24361e+301
4.94979e+296
8.44092e+29’
6.35307e+037
2.32669e+207
-1.75229e+301
-1.10698e+306
