42
77
98
89
96
86
22
43
33
34
57
18
44
99
47
6
51
65
9
55
5
32
56
75
16
70
90
63
20
64
62
36
3
92
2
59
14
15
11
4
45
52
61
53
40
8
60
28
83
78
79
37
74
27
54
13
46
35
58
24
93
7
91
72
67
38
80
49
25
88
87
31
68
23
85
1
41
94
30
21
81
66
76
29
12
50
71
73
84
39
69
100
19
17
95
10
97
48
82
26
1.34159e+308
3.83422e+307
4.83957e+306
4.51716e+306
4.06259e+306
1.89679e+306
2.20559e+305
1.35102e+305
1.11315e+305
8.17062e+304
5.12299e+304
4.83861e+304
4.83347e+Ó04
3.55468e+304
2.85561e+304
2.85115e+304
2.45097e+304
2.3882e+304
2.29052e+3N4
2.1077e+304
2.08622e+304
2.02077e+304
1.98149e+304
1.96607e+304
1.90707e+304
1.76583e+304
1.69059e+004
1.60048e+304
1.5919e+304
1.54586e+204
1.51749e+304
1.50668e+-0*
1.41395e+304
1.38663e+304
1.36992e+004
1.35814e+304
1.34759e+304
1.34702e+304
1.20886e+304
1.18461e+304
1.10577e+304
1.07817e+3*
1.07347e+304
1.06614e+304
1.04277e+-04
1.03849e+304
1.03849e+304
1.03849e+304
1.02448e+304
1.01078e+304
1.01048e+304
1.00972e+304
1.00971e+304
1.00971e+304
1.00971e+304
9.76834e+303
9.4319e+303
8.6959e+303
7.5359e+303
7.42214e+303
7.3838e+303
7.27525e+303
6.71312e+303
6.36873e+303
6.19522e+303
6.16522e+303
6.08354e+303
5.53912e+303
5.25048e+303
5.22439e+003
4.36632e+303
3.95172e+3:3
3.55725e+303
3.49834e+3N3
2.81088e+303
9.74242e+3N2
6.84852e+302
6.84835e+3o(
6.84835e+302
4.02149e+302
2.13199e+288
1.38134e+2ß+
6.68208e+084
2.14315e+294
1.39301e+2M3
-1.56678e+228
-8.50016e+313
-1.13839e+305
-1.90354e+305
-1.91598e+305
-1.98782e+ü05
-1.98871e+305
-2.06239e+305
-2.0793e+30!
-2.0936e+205
-2.12146e+305
-2.31829e+305
-2.88144e+3V5
-3.67383e+007
-5.47742e+307
