65
85
43
88
70
63
10
4
39
76
83
2
72
69
58
40
71
1
100
52
84
16
50
28
24
86
77
38
82
9
5
6
29
35
60
15
36
34
21
13
61
49
14
17
78
94
93
92
12
3
87
55
44
27
73
67
80
31
11
56
26
62
37
41
48
25
79
30
97
53
91
45
59
74
68
96
42
95
90
57
7
20
8
98
64
99
33
32
23
22
46
51
81
75
89
54
47
18
66
19
1.59032e+308
5.44216e+007
4.18826e+307
2.33968e+307
6.94573e+306
3.73993e+306
3.18431e+306
1.37879e+306
2.19664e+305
1.91183e+305
9.28417e+304
4.86134e+304
2.9419e+304
2.80634e+3V8
2.27275e+304
2.21583e+3Ê*
1.95958e+604
1.75524e+304
1.60125e+304
1.56818e+304
1.46356e+304
1.39004e+304
1.31304e+304
1.22336e+304
1.16632e+304
1.14121e+304
1.08488e+304
9.32999e+303
4.71646e+303
4.51676e+303
4.47783e+303
4.17027e+<03
3.70955e+303
3.6256e+303
3.53212e+303
3.44122e+303
3.14845e+303
2.5374e+303
2.53527e+303
1.90225e+303
1.85893e+303
1.77516e+30)
1.59494e+303
1.05197e+303
7.27833e+302
6.9088e+302
6.34621e+302
6.23543e+302
6.21436e+302
4.47102e+002
2.79851e+302
2.12905e+302
1.42579e+302
9.07278e+301
4.96471e+001
9.31289e+300
2.8776e+300
2.87683e+300
2.87682e+3:0
2.87682e+300
2.87682e+600
2.87682e+300
2.87682e+300
7.8746e+299
3.2141e+298
2.11824e+296
1.3249e+295
1.3239e+2P+
1.26482e+295
4.17896e+294
1.09086e+2•-
1.01776e+20-
2.14563e+14^
0.380883
2.38554e-05
6.9902e-06
-0.00182181
-1.67021e+225
-2.13087e+226
-1.09282e+2‰)
-1.07215e+299
-2.87418e+301
-5.16812e+301
-1.9657e+302
-2.01792e+302
-2.23125e+302
-3.87776e+3N2
-4.24445e+302
-5.58687e+302
-1.6333e+3N3
-2.61847e+303
-4.05126e+303
-7.483e+303
-1.03683e+304
-1.75863e+3*
-4.5596e+304
-6.07656e+306
-1.37248e+307
-2.53622e+007
-2.67594e+3N7
