32
60
42
93
3
15
84
7
27
18
34
67
16
68
72
17
21
88
53
90
97
10
100
49
6
9
79
86
56
75
14
82
48
73
78
52
98
24
89
29
70
20
83
38
36
44
69
57
5
30
1
50
94
71
28
58
64
51
74
22
23
40
61
65
31
80
92
99
76
26
45
62
33
91
55
46
2
25
63
41
87
95
77
47
59
81
13
96
43
12
54
19
85
4
11
66
39
8
35
37
1.45304e+308
1.0957e+308
6.68284e+307
6.50963e+307
4.19596e+307
3.74491e+307
3.29777e+307
1.86578e+307
1.85446e+A07
1.63188e+307
1.43859e+007
1.02958e+007
9.34925e+306
9.31497e+306
8.62057e+306
8.42828e+306
8.23576e+3N6
7.7317e+006
7.69228e+306
4.78053e+306
1.74802e+306
1.58654e+306
1.56138e+306
1.47803e+306
1.27578e+?06
1.24332e+306
1.24181e+306
1.13011e+306
9.4375e+305
9.31405e+305
8.70222e+305
6.51295e+305
5.35641e+305
4.73336e+305
4.54674e+305
3.89729e+305
3.86203e+305
3.75498e+305
3.70149e+305
3.23256e+305
3.13727e+ü05
3.09153e+305
2.89991e+305
2.72018e+305
1.45926e+305
9.68463e+304
9.19997e+304
9.19002e+304
8.31027e+304
8.25048e+304
7.90184e+304
7.36758e+604
6.88907e+304
6.84769e+304
6.62099e+304
6.11822e+304
6.01187e+304
5.59579e+304
4.84398e+3N`
4.78998e+304
4.21247e+304
3.6093e+304
3.59852e+304
3.57177e+304
2.91873e+304
2.84117e+304
2.83918e+304
2.83559e+304
2.30165e+304
7.12362e+303
5.73075e+303
5.67898e+302
5.67849e+3N2
3.57762e+302
1.14627e+302
6.24476e+301
5.69813e+301
3.80112e+301
3.75779e+301
2.05453e+301
2.0024e+-01
1.9414e+301
2.37952e+300
4.86047e+2M8
4.85393e+298
1.37231e+2+
3.32562e+26K
2.45591e+100
0.874419
0
-7.16442e+303
-2.13488e+3V8
-3.63176e+004
-1.23038e+306
-1.50292e+306
-8.86999e+306
-1.92654e+307
-3.18768e+007
-3.51479e+307
-3.60302e+307
