74
71
98
7
49
50
84
87
92
90
58
67
91
62
20
9
19
60
4
75
65
2
72
44
40
95
35
31
14
89
73
36
51
94
80
86
96
52
41
46
69
53
78
10
30
79
57
81
15
16
12
11
37
38
23
55
25
100
1
88
47
5
76
21
99
33
42
61
24
54
43
26
8
66
18
34
27
48
64
28
6
22
39
17
93
3
77
97
13
68
45
82
85
32
63
29
83
70
59
56
1.77527e+308
1.57277e+308
1.21375e+308
4.95803e+307
4.01388e+07
3.77348e+3!­
1.97097e+307
6.82736e+306
6.43063e+306
5.93929e+006
5.65369e+306
5.64735e+306
5.36032e+306
4.20023e+306
3.68922e+306
3.66746e+306
3.45417e+306
3.3595e+306
3.34351e+306
3.33146e+306
3.21306e+306
2.9215e+306
2.65519e+306
2.64621e+306
2.61106e+306
1.85641e+306
1.82811e+306
1.76446e+3N6
1.53343e+306
1.38937e+306
1.18187e+306
1.16991e+006
1.16561e+306
1.07645e+306
1.05683e+306
1.01425e+306
9.65778e+305
8.81675e+3+
8.47033e+<05
8.03916e+305
7.58751e+305
6.96799e+305
6.60909e+305
6.54584e+305
5.94939e+305
5.49234e+305
5.3406e+005
5.10927e+305
5.09509e+305
4.82265e+305
4.58301e+305
4.52238e+305
4.45488e+305
4.401e+305
4.30163e+305
4.12467e+305
3.99054e+305
3.97432e+305
3.95623e+305
3.84442e+315
3.70636e+305
3.6026e+305
3.462e+305
2.73648e+3+
2.21138e+3×+
2.00372e+305
1.75155e+ü05
1.7196e+305
1.67458e+`05
1.46537e+305
9.23674e+304
8.5303e+304
8.30265e+Ó04
6.32979e+304
6.20044e+304
4.70863e+304
4.09034e+304
3.88605e+304
2.67966e+304
1.83616e+304
1.83616e+304
1.83616e+3*
1.01524e+m04
9.422e+303
8.50097e+3N3
5.95775e+;96
4.90066e+296
2.62651e+287
0.0826365
-5.01525e+228
-3.85614e+299
-1.83627e+304
-5.01897e+304
-9.86856e+3W+
-2.48795e+`06
-4.90586e+306
-6.90793e+306
-1.17283e+307
-1.36302e+307
-1.61467e+3Ü.
