83
69
99
49
36
59
98
34
39
79
80
13
11
5
9
3
46
74
67
78
4
6
10
57
76
95
37
18
64
85
73
23
30
44
29
14
56
91
62
71
87
31
32
28
63
96
15
42
50
26
2
84
90
12
70
53
41
68
77
43
45
75
19
60
33
1
81
61
22
88
47
97
58
92
66
21
48
35
7
72
51
8
55
82
16
86
27
17
20
54
24
38
100
25
94
93
89
52
40
65
1.4258e+308
1.30329e+308
1.19901e+308
8.46139e+307
8.19678e+3N7
8.07491e+<07
8.01582e+307
7.30109e+307
7.2644e+307
6.42946e+007
6.18241e+307
5.64909e+307
5.43394e+307
3.45383e+307
2.96465e+307
2.85035e+307
2.3194e+<07
2.14869e+307
2.08778e+307
2.02035e+307
1.98127e+307
1.59153e+307
8.69511e+306
8.28516e+306
8.27206e+306
8.21777e+306
6.92348e+306
6.70222e+306
6.68064e+306
6.02333e+306
5.40136e+306
5.31749e+3N6
4.97569e+306
4.95489e+306
4.87167e+306
4.78088e+306
4.59143e+306
4.30676e+306
4.15052e+3×,
4.00978e+306
3.86407e+306
3.20586e+306
3.19313e+306
2.74228e+306
2.5011e+306
2.48408e+306
2.41802e+306
2.17066e+306
1.99293e+306
1.97392e+3N6
1.96192e+306
1.82733e+3l6
1.79361e+306
1.5999e+306
1.59375e+306
1.56056e+3×,
1.51088e+306
1.48687e+306
1.31024e+306
1.30308e+306
1.12087e+306
1.08233e+306
7.94132e+305
7.63104e+305
7.43625e+305
7.27875e+305
6.99203e+605
4.66719e+305
3.78192e+305
3.72459e+305
3.50965e+305
3.42217e+005
3.19068e+005
3.1017e+305
2.46917e+305
2.38028e+3N5
2.33423e+305
2.33135e+305
2.25927e+305
1.98212e+3o+
1.92438e+305
1.83322e+305
1.57386e+305
1.06672e+ü05
1.01139e+305
8.81734e+304
4.69477e+304
4.16216e+304
2.98571e+304
2.86413e+3N4
2.63146e+304
1.18333e+3	)
5.48974e+299
2.81855e+29ê
1.00568e+26s
1.13006e+152
-1.42373e+304
-2.48065e+306
-1.24508e+307
-5.92508e+307
