96
8
50
39
56
97
18
17
15
4
37
67
10
61
45
88
19
72
1
32
86
80
34
73
91
42
48
40
63
93
13
92
54
31
7
75
14
65
68
9
81
43
30
11
87
20
33
24
89
58
49
3
27
23
95
79
71
70
84
52
26
25
28
66
41
55
64
85
59
98
83
78
53
74
57
47
5
94
36
51
46
16
2
44
82
29
76
69
77
6
100
99
21
22
62
90
12
38
60
35
1.36024e+308
3.06534e+607
2.98355e+307
2.83947e+307
2.47495e+307
1.86292e+007
1.45733e+307
1.42191e+3¥-
1.3918e+307
1.08241e+307
9.41334e+306
8.44427e+306
8.43492e+306
8.24223e+206
7.22061e+%06
6.31766e+306
5.82756e+306
5.74219e+306
5.62397e+306
5.27214e+306
4.80321e+306
4.43856e+3Ê,
4.42844e+306
4.26867e+306
3.40717e+306
3.15036e+306
2.74535e+306
2.69026e+306
2.44302e+3N6
2.40331e+306
2.3744e+%06
2.25893e+306
2.07122e+306
1.81476e+?06
1.53022e+306
1.45084e+306
1.33582e+306
1.13699e+306
1.12257e+306
1.09208e+306
1.08401e+306
1.07034e+306
1.05938e+306
9.64852e+305
8.7383e+305
8.49521e+305
8.31078e+305
8.06044e+305
5.45075e+305
4.33794e+3×±
3.94374e+305
3.45938e+305
3.2382e+ü05
3.01528e+005
2.9134e+315
2.90209e+305
2.00588e+305
1.48216e+3N5
1.23606e+30+
8.16022e+304
7.5536e+304
6.92375e+004
6.88389e+<04
6.84374e+304
6.6691e+304
5.27302e+304
4.94241e+304
4.44052e+304
3.88289e+304
3.86907e+304
3.52802e+304
3.36842e+m04
2.78773e+304
2.48361e+m04
2.06483e+304
1.54266e+30*
5.50185e+303
5.36773e+303
5.3637e+303
5.3637e+303
5.3637e+303
2.47357e+2‹­
8.98286e+266
2.13203e+266
5.98276e+229
1.7884e+1?1
3.68368e+150
3.28364e+150
0.000215068
0
-5.19483e+288
-1.42233e+304
-6.72057e+305
-9.45154e+305
-1.08805e+306
-1.37886e+306
-8.35052e+3o,
-3.25865e+307
-3.95055e+307
-1.36409e+308
