31
22
66
65
83
63
32
78
46
36
54
17
37
14
6
35
41
61
25
8
67
84
27
73
9
97
79
85
48
69
45
55
30
7
10
77
100
29
24
20
15
82
88
81
70
91
26
12
42
96
57
23
51
98
95
33
68
38
62
56
49
16
52
13
28
86
21
5
47
18
94
19
3
90
93
72
75
87
11
44
1
76
74
2
53
64
58
4
59
40
92
60
99
89
39
71
43
80
34
50
7.1725e+307
6.60689e+307
6.37627e+307
5.80947e+307
2.68879e+307
1.73139e+307
8.90302e+306
7.70571e+306
6.76686e+-06
5.36751e+306
4.32534e+306
4.32364e+306
4.2303e+006
4.0273e+306
4.00657e+?06
4e+306
3.99812e+%06
3.99809e+306
3.99309e+006
3.98464e+306
3.97414e+306
3.97187e+306
3.96922e+306
3.96303e+306
3.96303e+306
3.96166e+306
3.96114e+306
3.89792e+3:6
3.88003e+306
3.78218e+306
3.41599e+306
3.08436e+306
3.02306e+306
2.72793e+306
2.08855e+306
1.98322e+306
1.47736e+306
1.02479e+306
1.01685e+306
1.00496e+3N6
9.81159e+305
9.62631e+305
9.06228e+305
5.04204e+305
4.98068e+305
4.55852e+305
3.70486e+305
3.1564e+-05
1.38868e+ü05
8.94039e+304
7.35998e+304
6.88087e+304
6.68052e+304
6.26535e+304
4.30394e+304
3.98043e+3V8
3.20298e+3N4
3.18026e+304
3.17191e+304
2.93387e+304
2.39923e+304
2.11517e+304
1.76861e+304
1.02163e+304
7.03639e+303
6.22314e+303
4.74009e+303
4.65646e+303
1.65648e+303
1.49849e+302
1.0999e+2lŠ
5.19832e+301
2.98637e+3N1
2.98612e+301
2.74766e+301
2.23561e+001
1.84963e+301
6.31002e+2à.
9.22405e+296
7.45752e+294
9.67908e+293
9.62836e+293
9.62832e+2Ù
9.62831e+293
2.51955e+20Š
3.65509e+285
7.04374e-08
-9.59752e+2‚
-5.87263e+304
-3.65626e+305
-5.08894e+305
-6.8107e+305
-7.09016e+305
-9.04592e+305
-9.31165e+005
-1.02889e+306
-1.04987e+306
-1.34927e+%06
-3.50141e+306
-3.96161e+306
