65
4
31
63
19
82
73
14
23
16
59
83
12
90
61
36
56
87
74
91
5
34
55
42
68
97
40
13
54
3
81
48
88
29
8
7
53
6
30
92
79
2
38
75
24
89
10
72
84
71
94
15
85
64
1
58
95
70
41
52
76
77
69
100
9
43
11
37
39
86
45
57
60
80
17
25
50
67
35
66
28
26
78
47
46
62
93
32
44
33
96
98
18
51
99
20
21
22
49
27
1.53747e+308
1.00933e+308
7.81315e+0l7
4.64123e+307
3.84257e+307
3.10646e+307
2.35194e+3-
1.66192e+307
7.12467e+306
6.58923e+306
6.13552e+306
6.08343e+306
5.77925e+306
5.60061e+306
5.47721e+306
5.34651e+306
5.28488e+306
5.00085e+`06
4.94836e+306
4.84053e+30,
4.59402e+306
4.29629e+306
4.12501e+306
3.96297e+306
3.47164e+306
3.21284e+306
3.17842e+306
2.96861e+306
2.90382e+206
2.80566e+006
2.76286e+306
2.74465e+306
2.60252e+306
2.48976e+306
2.45999e+306
2.30939e+306
2.26707e+306
2.25688e+306
2.17849e+306
2.07314e+306
1.98333e+306
1.95294e+606
1.89853e+306
1.48366e+306
1.48248e+306
1.38457e+306
1.17414e+3N6
1.1459e+306
1.12242e+306
9.08387e+305
8.49946e+305
8.48207e+305
4.56758e+305
2.47635e+305
1.85442e+205
1.33924e+305
1.38295e+004
1.35871e+304
1.00886e+304
1.09463e+068
3.82437e+26¯
1.19434e+22_
1.19434e+227
-2.06203e+230
-1.8164e+286
-4.71817e+286
-1.70287e+304
-3.01599e+304
-4.03627e+304
-5.00492e+304
-6.1266e+304
-6.17874e+304
-8.70607e+304
-1.94928e+305
-1.97939e+305
-2.34766e+305
-2.53036e+305
-2.59854e+305
-2.66526e+305
-2.66943e+305
-2.70692e+305
-2.71164e+305
-2.83427e+305
-3.45858e+305
-3.5724e+305
-4.07993e+`05
-9.17623e+305
-1.74773e+306
-1.75408e+306
-1.87734e+3,
-2.54927e+306
-2.59526e+306
-4.75394e+306
-6.24787e+?06
-1.65589e+307
-2.06685e+307
-2.2523e+307
-6.45754e+307
-8.49293e+3E7
-9.58355e+307
