97
69
90
33
73
50
1
60
53
37
5
41
88
66
57
2
34
79
83
77
35
74
23
89
26
46
71
8
13
55
91
78
38
76
18
25
36
11
64
27
17
24
61
70
22
99
86
43
14
39
54
19
32
68
63
6
28
82
81
100
20
95
4
84
48
59
10
15
47
56
31
51
93
80
75
9
12
72
67
62
96
65
45
29
44
87
16
7
40
58
92
94
49
21
3
52
30
98
85
42
1.5867e+308
5.1869e+307
4.31992e+307
3.55583e+307
3.13223e+307
3.11659e+307
1.25618e+307
1.18539e+307
5.98312e+306
5.28039e+306
2.67317e+306
2.48093e+306
1.47961e+306
9.59999e+305
9.5414e+305
8.64012e+305
8.11124e+3◊+
8.01451e+315
7.94597e+305
4.59287e+305
4.5476e+305
4.47603e+305
4.45403e+305
2.91034e+-05
2.84947e+305
2.84901e+305
2.38443e+305
2.23259e+3N5
1.99507e+305
1.89804e+-05
1.79653e+305
1.67683e+305
1.64349e+305
1.40411e+305
1.38983e+305
1.23526e+305
1.22885e+305
1.22882e+305
1.10619e+305
1.04129e+305
1.01662e+305
1.00159e+305
9.95529e+m04
8.78714e+304
7.30822e+304
5.93119e+304
3.3594e+304
3.2404e+304
2.44694e+004
2.21969e+304
1.34005e+304
1.38781e+303
1.86764e+Å02
8.08305e+2»5
4.87556e+269
-4.37659e+282
-1.40826e+2M5
-2.92994e+000
-8.07326e+301
-8.07339e+301
-8.07339e+301
-8.08595e+301
-8.34127e+301
-9.20662e+301
-3.22936e+302
-4.13609e+302
-6.50865e+302
-7.21113e+002
-8.27825e+302
-8.27842e+302
-9.0496e+302
-5.43052e+303
-1.56757e+304
-2.71141e+304
-4.90207e+304
-5.95277e+304
-1.66542e+305
-1.86847e+305
-2.01519e+305
-2.201e+305
-2.45904e+305
-2.69404e+305
-2.71105e+<05
-3.19511e+305
-4.66736e+305
-5.25939e+305
-9.18942e+3◊+
-1.20829e+306
-2.85739e+306
-2.9584e+306
-2.963e+306
-3.4606e+306
-3.63893e+3,
-4.63766e+306
-5.28652e+606
-2.12672e+307
-2.3461e+3N7
-4.68874e+307
-9.60144e+30-
-1.04379e+308
