34
25
40
43
32
13
36
8
49
84
23
19
72
67
38
22
79
89
6
7
1
74
50
52
17
16
42
69
87
98
59
99
73
86
10
65
77
63
9
75
93
14
46
3
21
41
31
83
5
88
37
47
70
20
15
27
39
68
78
30
12
28
55
11
26
66
85
58
44
61
94
60
92
96
80
2
95
57
97
29
62
45
35
4
56
91
18
53
90
33
76
71
54
82
100
51
64
48
24
81
1.36614e+308
1.29727e+308
1.01743e+308
6.94252e+307
2.54007e+007
2.14358e+307
6.73225e+306
2.14217e+306
1.38094e+3NJ
1.22428e+306
6.28016e+305
5.24345e+305
3.89247e+305
3.39154e+305
3.09391e+305
2.87671e+305
2.43662e+3l5
2.27854e+305
2.10013e+305
9.79387e+304
8.12212e+304
8.07953e+3N4
3.4033e+304
2.55588e+304
1.93844e+304
1.67324e+304
1.02499e+304
9.40954e+303
8.66783e+303
7.31441e+303
7.03801e+303
5.15423e+303
4.90021e+303
4.81449e+303
2.23145e+303
2.22256e+303
5.45023e+302
8.93838e+300
3.09336e+266
1.94999e+149
0.00225087
-2.23671e-4¹
-0.000608108
-3.3616e+151
-6.16144e+22°
-7.51521e+229
-6.74884e+302
-1.13648e+303
-2.40998e+303
-3.17609e+303
-4.4073e+603
-7.71387e+303
-2.00799e+304
-2.07772e+3o*
-5.8809e+304
-7.68332e+-04
-8.40491e+304
-8.74101e+304
-1.16812e+305
-1.18135e+305
-1.38786e+<05
-1.65203e+005
-1.71007e+305
-2.05111e+305
-2.20077e+305
-3.45707e+305
-4.67349e+305
-5.26925e+305
-6.23595e+305
-6.88909e+305
-6.8948e+305
-7.30832e+305
-8.1205e+305
-9.17304e+305
-9.4325e+305
-9.70067e+305
-1.06347e+306
-1.09452e+306
-1.22926e+306
-1.23529e+306
-1.25563e+306
-1.36165e+306
-1.36343e+306
-1.46421e+306
-1.55021e+306
-1.65383e+306
-1.79428e+306
-2.98682e+306
-9.40473e+306
-1.39793e+307
-1.4547e+307
-1.73698e+307
-3.71991e+307
-3.72409e+307
-4.09041e+307
-4.53592e+307
-5.14427e+307
-8.68237e+307
-1.04779e+308
-1.20629e+308
