35
27
90
9
85
24
72
84
54
53
8
1
33
6
50
21
87
80
91
7
31
82
64
25
81
20
28
38
68
15
93
63
61
66
48
36
100
70
5
26
74
95
75
83
18
37
17
97
19
30
99
55
12
94
13
78
32
67
47
40
2
11
58
96
89
22
4
45
76
52
92
42
34
39
73
86
49
60
23
3
43
29
56
62
59
77
46
88
65
51
57
44
16
79
41
10
14
69
98
71
1.66635e+308
1.39329e+3ç.
9.66385e+307
6.32723e+3:7
4.13914e+307
2.78164e+307
1.21041e+306
8.01075e+305
7.2679e+305
6.84581e+305
5.73288e+305
5.37228e+305
4.96846e+305
3.5623e+305
3.30184e+305
3.26061e+305
3.01776e+205
2.75906e+305
2.64893e+005
2.50555e+305
2.46252e+305
2.10348e+305
1.86752e+305
1.80272e+305
1.67616e+305
1.6716e+305
1.66695e+305
1.65751e+305
1.65529e+305
1.65482e+ü05
1.65018e+3N5
1.65012e+3×+
1.65011e+305
1.65007e+305
1.65006e+305
1.65006e+305
1.65006e+305
1.65004e+305
1.64753e+305
1.64459e+305
1.59053e+30+
1.54457e+305
1.122e+<05
1.07566e+005
1.30644e+004
1.02788e+304
2.68582e+303
2.56976e+303
2.32348e+303
1.16756e+303
9.85562e+302
9.39956e+302
9.11414e+302
7.2648e+302
6.78455e+`02
6.49125e+302
6.0629e+302
5.27459e+302
3.95363e+302
3.6717e+300
2.55229e+Ó94
6.8025e+2`3
5.02514e+283
4.10374e+203
9.80789e+266
4.86925e+266
4.85292e+266
1.09033e+264
4.47045e+228
1.33028e+228
7.75265e+226
7.29906e+2F5
7.28998e+103
1.18168e+151
0.000659745
1.63117e-159
-2.22177e+1?0
-4.70329e+225
-2.91078e+298
-2.32051e+302
-5.27459e+302
-5.35753e+302
-5.4452e+302
-5.44562e+302
-5.44598e+302
-5.44602e+302
-5.44603e+3N2
-5.44603e+302
-5.44604e+302
-5.45943e+302
-1.17058e+303
-2.05591e+303
-1.46874e+0×+
-1.58014e+3W+
-1.65006e+305
-5.12289e+306
-2.18694e+307
-4.28855e+307
-5.45749e+307
-1.31464e+318
