62
69
10
34
12
89
5
26
1
29
4
85
88
82
33
96
55
25
14
19
83
87
16
20
91
3
76
60
51
72
100
86
28
75
99
70
58
32
52
94
63
31
23
22
73
59
81
74
64
41
67
24
80
95
15
7
71
68
17
50
44
98
43
40
47
79
13
45
53
56
21
36
97
65
49
27
39
18
54
37
57
2
66
77
30
6
48
78
61
35
9
84
46
11
90
92
42
8
93
38
8.08038e+307
2.87757e+307
2.8063e+307
2.07275e+3N7
1.93726e+307
1.90741e+307
1.06715e+307
4.08172e+306
3.31969e+306
2.46419e+306
1.47471e+306
1.13809e+306
1.10264e+306
1.06081e+306
9.86209e+305
8.74817e+305
8.00867e+305
7.81073e+305
7.41459e+305
7.24435e+305
5.70207e+305
3.82557e+<05
2.84754e+305
2.81911e+3×+
2.69718e+305
2.23274e+<05
1.91956e+305
1.70519e+305
1.54011e+305
1.51908e+305
1.50118e+305
1.39394e+305
1.27024e+305
1.19057e+305
8.53427e+3lŒ
8.48569e+304
8.25239e+-04
7.897e+304
5.83729e+304
4.28164e+304
3.52375e+3×*
3.52283e+304
3.52032e+304
3.52032e+304
2.44478e+304
1.8959e+304
1.86904e+004
1.21335e+304
5.36963e+299
2.60283e+268
2.03936e+2*U
3.21928e+266
4.48651e+265
1.48176e+229
1.35492e+w28
8.93437e+188
8.42792e+/02
0.000196015
-6.47282e+T28
-2.84859e+267
-7.90105e+286
-4.1619e+099
-3.20075e+303
-9.69516e+303
-1.20637e+304
-3.02207e+3o*
-3.30835e+304
-3.53796e+304
-3.70429e+304
-3.75583e+304
-3.79463e+304
-7.48736e+304
-1.01211e+305
-1.12046e+305
-1.22993e+305
-2.47032e+305
-2.8575e+3N5
-5.35893e+305
-5.38987e+305
-5.60472e+305
-5.60576e+305
-7.24524e+305
-7.72236e+3×+
-8.46907e+305
-8.74806e+-05
-8.91368e+3N5
-8.97561e+305
-9.34621e+305
-1.11531e+306
-1.29786e+306
-1.29965e+3,
-1.34492e+-06
-2.04878e+306
-4.74856e+3o,
-1.12435e+307
-1.27836e+307
-3.00298e+a07
-1.21641e+308
-1.56097e+308
-1.73091e+308
