3
99
14
37
21
36
90
64
4
51
58
8
1
46
76
16
12
13
42
20
22
63
11
93
57
19
40
49
9
73
27
26
81
61
80
97
18
50
94
69
56
52
53
72
84
87
48
85
91
78
96
25
54
7
60
89
31
88
23
77
71
33
100
28
66
39
41
47
98
30
95
32
43
55
86
74
17
38
62
67
44
75
2
5
35
70
15
92
10
45
59
68
65
34
82
79
24
6
29
83
1.19417e+308
3.74317e+307
1.84695e+307
1.36108e+A07
1.21248e+-07
7.22904e+306
5.56179e+306
5.23883e+306
5.17562e+306
5.10982e+306
5.02288e+306
4.88116e+306
4.69069e+306
4.20866e+306
3.4901e+306
3.46854e+306
3.42943e+306
3.24919e+306
3.12358e+30,
3.06047e+306
2.5177e+306
2.44928e+006
2.40932e+306
2.39994e+306
2.39978e+306
2.38922e+306
2.38487e+306
2.37186e+306
2.34767e+306
2.33949e+306
2.33947e+306
2.33628e+306
2.14344e+306
2.08812e+306
1.72893e+306
1.42913e+306
1.05133e+306
9.11176e+305
8.6625e+305
7.50083e+305
7.15194e+305
6.25816e+305
6.23024e+305
6.16777e+305
5.42944e+3N5
4.99853e+305
2.97648e+3N5
2.84462e+305
1.62612e+<o+
1.5807e+305
6.70289e+-í*
5.53743e+3í*
4.18363e+304
3.65544e+304
2.23904e+304
1.90128e+304
1.79548e+3*
1.72687e+004
1.7229e+304
1.48736e+004
9.4554e+303
4.73151e+303
4.72773e+<03
3.17869e+303
3.39265e+302
3.60325e+3J]
1.61269e+299
1.56767e+297
2.73785e+68
9.56863e+267
7.59975e+265
3.54609e+230
3.82613e+229
2.36196e+227
0
-3.16174e+112
-1.12315e+300
-2.35315e+301
-8.97399e+302
-8.974e+302
-5.66188e+303
-5.18071e+304
-1.68915e+305
-3.57782e+305
-4.18463e+305
-6.63648e+305
-7.26956e+305
-7.71872e+3×+
-1.30993e+306
-1.66989e+306
-2.34832e+306
-2.85073e+306
-3.03572e+3×,
-3.34589e+306
-3.72543e+306
-7.33081e+306
-1.02899e+307
-2.59366e+307
-5.8812e+007
-1.67091e+308
