11
51
35
8
97
81
24
49
98
73
27
54
53
52
76
37
18
84
79
50
23
46
9
30
77
25
31
78
14
86
62
42
87
75
28
71
33
70
21
41
39
10
55
96
4
58
82
45
80
38
40
88
3
92
91
32
95
100
16
29
34
43
68
74
61
94
99
56
7
63
26
64
83
93
22
48
60
15
57
67
85
47
5
69
36
17
1
65
90
59
66
72
12
13
6
20
19
2
44
89
1.77977e+308
8.70996e+307
8.05812e+307
4.39747e+307
4.39234e+307
4.11882e+307
1.08777e+307
2.83158e+3¹,
1.97659e+306
1.12532e+306
9.02329e+305
8.71087e+305
5.70905e+305
5.23525e+305
4.36977e+3N5
3.80318e+305
2.26182e+<05
2.19812e+305
2.06905e+3N5
2.00061e+005
1.79059e+305
1.75631e+305
1.75093e+305
1.74497e+005
1.72468e+305
1.71851e+305
1.68882e+305
1.56391e+305
1.35617e+305
1.34184e+305
1.27557e+305
3.02386e+3V8
2.16369e+304
1.81351e+00*
1.13074e+304
1.09067e+304
8.74895e+3)
7.37769e+303
5.9862e+303
5.90011e+303
5.49307e+303
5.33052e+303
4.51535e+30)
3.34288e+303
3.28842e+303
2.63259e+303
2.54694e+303
2.12201e+303
1.93747e+303
1.77584e+303
1.77496e+303
1.733e+303
1.43447e+303
1.32939e+303
6.20485e+002
6.20139e+302
3.21842e+302
2.63388e+302
8.30646e+301
4.31647e+301
6.93555e+300
4.74011e+299
3.58771e+299
1.85922e+29
3.99958e+295
1.35981e+294
4.18652e+093
3.33271e+293
1.8535e+293
8.53555e+388
5.85495e+284
2.76139e+284
7.20471e+283
3.60962e+0L3
1.19236e+26±
5.15703e+2J6
2.66632e+265
6.45285e+2H7
4.01937e+246
3.39907e+209
1.50814e+228
1.38848e+170
2.02946e+049
0.00103975
-1.31176e+154
-1.21478e+229
-6.43097e+2\7
-5.20676e+280
-4.43209e+283
-4.43783e+283
-1.20911e+286
-6.89107e+000
-2.41019e+<(
-2.39737e+303
-7.2914e+305
-3.3234e+306
-4.59776e+306
-4.39757e+307
-1.49124e+308
-1.68229e+308
