58
98
62
45
67
97
31
54
92
22
41
19
39
96
72
90
73
44
75
21
50
66
46
57
94
65
25
7
80
12
60
18
59
40
99
23
28
35
79
89
78
24
27
33
3
86
32
51
83
88
10
8
17
56
71
55
13
81
42
47
9
11
82
85
34
95
76
30
53
69
64
70
100
4
36
91
52
5
84
48
61
6
49
20
26
74
15
43
68
1
93
87
2
14
77
29
38
63
16
37
1.56101e+008
1.49763e+308
1.48058e+-08
6.72614e+307
5.95258e+307
5.07748e+307
5.05634e+3¥-
4.81541e+307
4.01954e+307
2.15777e+307
2.08381e+3N7
8.31672e+306
4.91483e+306
4.00474e+306
3.09366e+306
2.88882e+306
2.73949e+306
2.65267e+306
2.53775e+306
2.38469e+306
2.16931e+306
1.7691e+306
1.21097e+306
1.13016e+306
1.12049e+306
8.65634e+305
6.949e+305
6.85092e+305
6.39382e+305
6.08629e+305
5.89786e+305
4.97865e+305
4.33115e+3NQ
4.10763e+305
3.28717e+305
2.78138e+305
2.10759e+305
1.70776e+305
1.02244e+305
9.39535e+304
4.49069e+304
3.17115e+304
1.7466e+304
1.58557e+304
7.79196e+303
7.46388e+302
7.25351e+3o(
6.69426e+302
6.54771e+302
6.44697e+302
5.19934e+302
3.47632e+302
1.97565e+302
4.39373e+301
9.70136e+300
6.23161e+296
6.28641e+295
1.51318e+386
5.92068e+285
3.00242e+283
6.6477e+228
8.42523e+227
0.00163803
-1.59614e+229
-5.48123e+287
-5.81573e+304
-8.25332e+004
-1.10224e+305
-1.55232e+305
-1.58904e+-05
-2.20616e+305
-2.86212e+3:5
-3.29948e+305
-3.30132e+305
-3.30133e+305
-3.30133e+305
-3.30133e+305
-3.32327e+305
-3.3266e+305
-3.38119e+305
-4.00297e+305
-4.95667e+305
-5.94325e+305
-7.2351e+305
-8.02353e+305
-1.01549e+306
-1.31917e+006
-2.64858e+306
-2.86671e+306
-5.70395e+306
-1.55451e+307
-2.99092e+307
-4.13305e+307
-5.79289e+307
-6.28258e+307
-7.40102e+307
-8.17501e+307
-9.04397e+307
-9.70286e+307
-1.22039e+308
