45
62
84
40
68
95
97
11
58
32
14
56
92
63
18
43
64
66
2
6
99
98
52
53
60
12
76
93
41
28
54
83
86
42
47
27
72
94
13
16
74
7
85
23
78
19
79
8
35
15
17
26
31
38
4
30
51
25
71
70
61
24
59
48
5
67
1
96
44
69
87
80
3
100
20
77
10
49
91
29
22
46
65
39
81
55
37
9
88
33
82
75
34
21
36
50
89
57
90
73
3.75396e+307
2.59735e+307
1.63112e+307
1.47406e+307
1.46172e+307
5.24735e+306
3.85678e+306
3.79338e+306
3.52954e+306
3.38128e+306
3.37845e+306
3.12291e+3Nb
2.72484e+306
2.1856e+3N6
2.15246e+-06
1.83457e+306
1.3512e+306
5.87039e+305
5.50321e+005
4.07617e+305
2.18514e+305
1.54015e+305
1.46891e+305
1.35936e+605
1.33203e+305
1.26477e+305
1.22704e+305
1.10747e+305
1.01508e+3V5
3.50666e+:N4
3.12758e+304
2.72128e+304
1.65255e+304
1.55553e+304
7.68133e+0l3
5.53397e+003
3.17323e+30)
3.17322e+3W1
3.09673e+3×)
2.51087e+3W1
1.95151e+302
2.56405e+301
1.86635e+300
5.31287e+29Ò
3.23434e+291
8.08585e+200
7.0741e+285
6.73669e+285
1.52178e+285
5.03759e+267
5.63539e+2G0
1.02336e+230
0.000774763
7.07908e-07
-9.59327e+284
-4.25739e+0L7
-3.16109e+293
-4.23168e+301
-4.73427e+301
-5.08471e+301
-5.08476e+301
-2.01765e+302
-4.3716e+302
-4.8111e+302
-5.88742e+302
-6.14121e+302
-6.64301e+`02
-7.00214e+302
-9.23405e+502
-1.27008e+303
-1.60968e+303
-3.40036e+303
-5.86163e+3W·
-6.54722e+303
-1.12734e+3*
-1.13717e+304
-3.00794e+304
-9.91571e+304
-1.0846e+305
-1.13767e+305
-1.21725e+305
-1.25992e+305
-1.46392e+305
-5.36203e+305
-6.65107e+3+
-1.39663e+306
-1.70903e+306
-1.83772e+306
-2.00956e+306
-2.47802e+306
-1.035e+007
-1.3791e+307
-2.34969e+307
-3.64315e+307
-4.02859e+307
-4.11973e+307
-5.9943e+307
-8.00599e+307
-1.4505e+308
-1.77685e+30.
