========== Iteration: 2==============
error bound is : 10
1 0.9
2 0.8
3 1
4 1
5 0.9
6 1
7 0.9
error bound is : 20
1 0.8
2 0.75
3 0.75
4 0.75
5 0.85
6 0.8
7 0.85
========== Iteration: 3==============
error bound is : 10
1 1
2 0.8
3 0.7
4 0.9
5 0.9
6 0.7
7 0.9
error bound is : 20
1 0.7
2 0.75
3 0.65
4 0.9
5 0.8
6 0.55
7 0.75
========== Iteration: 4==============
error bound is : 10
1 0.7
2 0.9
3 1
4 1
5 0.9
6 0.8
7 0.9
error bound is : 20
1 0.6
2 0.85
3 0.65
4 0.8
5 0.85
6 0.7
7 0.75
========== Iteration: 5==============
error bound is : 10
1 0.4
2 0.9
3 1
4 0.8
5 0.9
6 0.9
7 0.8
error bound is : 20
1 0.45
2 0.65
3 0.7
4 0.7
5 0.8
6 0.75
7 0.7
