0.0130651
0.0123235
0.0118628
0.0116482
0.011547
0.0112504
0.0112079
0.0112009
0.011125
0.0111165
0.0110893
0.011079
0.0110532
0.0110381
0.011018
0.0109761
0.0109548
0.0109204
0.0108844
0.0108791
0.0108521
0.0107888
0.0107853
0.0107765
0.0107678
0.0106294
0.0106041
0.0105325
0.0105058
0.0105012
0.0104787
0.0104037
0.0103784
0.0103596
0.0103335
0.0103239
0.0102816
0.0102765
0.0102751
0.0102684
0.0102503
0.0102475
0.0102407
0.0102134
0.0102055
0.0101923
0.0101745
0.0101645
0.01014
0.010098
0.0100914
0.00992035
0.00991444
0.00986657
0.00984894
0.00983223
0.0098147
0.00977789
0.00975617
0.00974331
0.00973292
0.00964881
0.00961276
0.00958916
0.00954461
0.00953672
0.00950803
0.00947929
0.00945151
0.00943121
0.00942673
0.00941371
0.00933714
0.00931694
0.00925691
0.00924398
0.00919993
0.00914555
0.00913848
0.00911959
0.0090814
0.00906128
0.00904731
0.00904057
0.00902353
0.00894418
0.00893057
0.00889062
0.00885801
0.00882025
0.00875166
0.00871363
0.00870193
0.00869985
0.00867381
0.00848125
0.00845104
0.00833861
0.00831949
0.00818166
46
38
36
14
97
60
6
48
57
65
63
66
42
54
67
73
22
91
3
1
89
59
76
74
62
90
79
56
5
2
55
8
83
58
75
51
41
70
27
12
33
85
17
80
82
28
10
21
24
95
64
30
44
19
96
69
53
84
20
45
35
25
68
9
77
92
72
100
87
31
23
13
50
4
11
47
16
98
99
61
88
43
86
32
15
93
78
18
81
52
49
71
29
26
37
7
94
40
34
39
