0.00421652
0.00405365
0.00396403
0.00390995
0.0038998
0.00385633
0.0038556
0.00383653
0.00382682
0.003821
0.00382066
0.00381958
0.00381328
0.0038041
0.00380339
0.00379338
0.00378739
0.00378718
0.00378606
0.0037651
0.00375809
0.00375098
0.00374711
0.00374004
0.00373963
0.00372188
0.00370812
0.00370733
0.00370464
0.00370065
0.00369301
0.00368207
0.00367444
0.00366449
0.00365946
0.00365863
0.00365467
0.00365465
0.00365437
0.00365274
0.0036507
0.00364824
0.00364631
0.00364553
0.0036445
0.00363467
0.00363269
0.00363111
0.00362021
0.00361255
0.00359935
0.00359335
0.00358781
0.00358025
0.00357975
0.00356959
0.00356612
0.00356336
0.00356046
0.0035543
0.00355338
0.0035509
0.00352856
0.00352517
0.00351836
0.00351787
0.00351596
0.00350697
0.00349933
0.00348632
0.00347317
0.00346841
0.00346098
0.0034579
0.00345613
0.00345285
0.00344715
0.00342288
0.00342128
0.00342094
0.00341905
0.00341796
0.00341611
0.00340793
0.00340707
0.00340147
0.00340134
0.00338883
0.00336955
0.00335073
0.00334954
0.00334752
0.00334011
0.00333475
0.0033234
0.00330489
0.00328974
0.00328492
0.0032795
0.0032129
