0.0130669
0.0123239
0.0118644
0.0116494
0.0115488
0.0112503
0.0112082
0.0112014
0.0111258
0.0111164
0.0110901
0.0110791
0.0110533
0.0110389
0.0110181
0.0109745
0.0109551
0.0109207
0.0108842
0.0108792
0.0108534
0.0107893
0.0107854
0.0107766
0.0107676
0.0106293
0.0106061
0.0105312
0.0105046
0.0105005
0.0104794
0.0104044
0.0103775
0.0103616
0.0103338
0.0103237
0.0102816
0.0102762
0.0102742
0.0102687
0.0102496
0.0102459
0.0102399
0.0102129
0.0102038
0.0101931
0.0101744
0.0101642
0.01014
0.0100976
0.0100915
0.00992141
0.00991343
0.00986678
0.00984756
0.00983162
0.00981465
0.00977785
0.00975564
0.0097431
0.00973144
0.00964839
0.00961284
0.00958931
0.00954444
0.00953722
0.00950676
0.00947783
0.00945224
0.00943126
0.00942762
0.0094137
0.0093363
0.00931657
0.00925807
0.00924451
0.00919947
0.00914637
0.00913842
0.00911977
0.00908229
0.00906021
0.00904678
0.00904116
0.00902473
0.00894391
0.00892985
0.00889012
0.0088578
0.00882065
0.00875131
0.00871483
0.00870104
0.00869895
0.00867405
0.0084802
0.00845063
0.00833947
0.00831907
0.00818198
46
38
36
14
97
60
6
48
57
65
63
66
42
54
67
73
22
91
3
1
89
59
76
74
62
90
79
56
5
2
55
8
83
58
75
51
41
70
27
12
33
85
17
80
82
28
10
21
24
95
64
30
44
19
96
69
53
84
20
45
35
25
68
9
77
92
72
100
87
31
23
13
50
4
11
47
16
98
99
61
88
43
86
32
15
93
78
18
81
52
49
71
29
26
37
7
94
40
34
39
